47.1   1056.500   
1      1063.200   
1      1067.100   
1      1080.000
48     1086.800   
1      1106.100   
1      1116.300   
1      1125.500
49     1112.400   
1      1105.900   
1      1114.300   
1      1103.300
50     1148.200   
1      1181.000   
1      1225.300   
1      1260.200
51     1286.600   
1      1320.400   
1      1349.800   
1      1356.000
52     1369.200   
1      1365.900   
1      1378.200   
1      1406.800
53     1431.400   
1      1444.900   
1      1438.200   
1      1426.600
54     1406.800   
1      1401.200   
1      1418.000   
1      1438.800
55     1469.600   
1      1485.700   
1      1505.500   
1      1518.700
56     1515.700   
1      1522.600   
1      1523.700   
1      1540.600
57     1553.300   
1      1552.400   
1      1561.500   
1      1537.300
58     1506.100   
1      1514.200   
1      1550.000   
1      1586.700
59     1606.400   
1      1637.000   
1      1629.500   
1      1643.400
60     1671.600   
1      1666.800   
1      1668.400   
1      1654.100
61     1671.300   
1      1692.100   
1      1716.300   
1      1754.900
62     1777.900   
1      1796.400   
1      1813.100   
1      1810.100
63     1834.600   
1      1860.000   
1      1892.500   
1      1906.100
64     1948.700   
1      1965.400   
1      1985.200   
1      1993.700
65     2036.900   
1      2066.400   
1      2099.300   
1      2147.600
66     2190.100   
1      2195.800   
1      2218.300   
1      2229.200
67     2241.800   
1      2255.200   
1      2287.700   
1      2300.600
68     2327.300   
1      2366.900   
1      2385.300   
1      2383.000
69     2416.500   
1      2419.800   
1      2433.200   
1      2423.500
70     2408.600   
1      2406.500   
1      2435.800   
1      2413.800
71     2478.600   
1      2478.400   
1      2491.100   
1      2491.000
72     2545.600   
1      2595.100   
1      2622.100   
1      2671.300
73     2734.000   
1      2741.000   
1      2738.300   
1      2762.800
74     2747.400   
1      2755.200   
1      2719.300   
1      2695.400
75     2642.700   
1      2669.600   
1      2714.900   
1      2752.700
76     2804.400   
1      2816.900   
1      2828.600   
1      2856.800
77     2896.000   
1      2942.700   
1      3001.800   
1      2994.100
78     3020.500   
1      3115.900   
1      3142.600   
1      3181.600
79     3181.700   
1      3178.700   
1      3207.400   
1      3201.300
80     3233.400   
1      3157.000   
1      3159.100   
1      3199.200
81     3261.100   
1      3250.200   
1      3264.600   
1      3219.000
82     3170.400   
1      3179.900   
1      3154.500   
1      3159.300
83     3186.600   
1      3258.300  
1      3306.400   
1      3365.100
84     3444.700   
1      3487.100   
1      3507.400   
1      3520.400
85     3547.000   
1      3567.600   
1      3603.800   
1      3622.300
86     3655.900   
1      3661.400   
1      3686.400   
1      3698.300

